<?xml version="1.0"?>
<opencv_storage>
<x type_id="opencv-nd-matrix">
  <sizes>
    64</sizes>
  <dt>f</dt>
  <data>
    2276. 1689. 1445. 5792. 6535. 16365. 13694. 13630. 10584. 9301.
    10322. 8508. 9813. 7907. 8811. 7136. 7148. 7216. 6095. 7180. 6442.
    7474. 6152. 7672. 7449. 7494. 8202. 6836. 8374. 6098. 7268. 5474.
    4781. 4586. 3329. 3546. 2740. 2743. 2327. 2411. 2603. 2188. 3148.
    2383. 3004. 2512. 3013. 3538. 3234. 4052. 5985. 9500. 5357. 6560.
    6494. 9012. 9570. 6270. 7374. 6194. 7176. 6033. 11590. 15085.</data></x>
</opencv_storage>
