<?xml version="1.0"?>
<opencv_storage>
<x type_id="opencv-nd-matrix">
  <sizes>
    64</sizes>
  <dt>f</dt>
  <data>
    1038. 403. 304. 303. 282. 265. 246. 266. 290. 299. 279. 295. 306.
    290. 317. 253. 272. 213. 278. 257. 266. 312. 273. 318. 296. 309.
    279. 358. 362. 337. 548. 1003. 1131. 836. 840. 756. 781. 767. 760.
    815. 527. 490. 460. 459. 453. 481. 484. 485. 612. 884. 1465. 1743.
    1383. 1121. 707. 483. 399. 275. 150. 178. 159. 133. 203. 33.</data></x>
</opencv_storage>
